
strategic_region={
	id=146
	name="STRATEGICREGION_146"
	provinces={
		9688 9695 9697 9698 9700 9701 9702 9703 9707 9708 9709 9723 9724 9725 9726 9727 9729 9731 9734 9735 9738 9740 9741 9744 9747 9748 9751 9757 9758 9764 9768 9771 9773 9775 9776 9784 9785 9790 9793 9794 9798 9801 9802 9803 9804 9805 9809 9814 9819 9822 9824 9832 9836 9837 9838 9839 9842 9843 9846 9849 9855 9862 9864 9865 9867 9870 9871 9873 9874 9875 9879 9887 9888 9892 9893 9894 9899 9901 9906 9910 9918 9924 9926 9927 9931 9935 9936 9941 9945 9946 9949 9953 9954 9956 9965 9977 9984 9985 9987 9989 9991 9992 9993 9994 9999 10001 10006 10007 10013 10014 10016 10017 10018 10024 10025 10026 10028 10031 10035 10036 10038 10040 10042 10045 10046 10047 10048 10050 10052 10055 10064 10066 10077 10083 10085 10088 10090 10091 10096 10100 10103 10111 10114 10116 10120 10123 10127 10136 10137 10138 10139 10140 10142 10144 10147 10149 10151 10153 10156 10163 10166 10171 10172 10173 10177 10181 10183 10184 10186 10190 10199 10203 10208 10213 10215 10216 10229 10241 10243 10244 10247 10248 10252 10253 10254 10256 10259 10260 10261 10262 10265 10270 10271 10273 10274 10275 10283 10289 10294 10298 10300 10301 10302 10306 10309 10316 10319 10320 10324 10330 10333 10337 10338 10344 10351 10356 10359 10363 10364 10366 10369 10372 10373 10376 10379 10380 10381 10383 10385 10387 10389 10390 10391 10392 10395 10398 10399 10400 10401 10403 10406 10407 10409 10412 10425 10430 10431 10432 10433 10442 10444 10450 10462 10470 10472 10474 10481 10482 10486 10489 10491 10492 10495 10496 10501 10502 10505 10507 10508 10510 10512 10513 10514 10524 10527 10529 10533 10538 10541 10542 10550 10552 10557 10558 10562 10565 10566 10567 10570 10574 10577 10580 10581 10584 10586 10588 10594 10600 10601 10612 10614 10615 10619 10623 10624 10625 10627 10628 10629 10630 10632 10633 10638 10641 10642 10643 10645 10646 10648 10654 10655 10656 10658 10661 10662 10663 10666 10672 10681 10682 10692 10693 10694 10698 10701 10703 10708 10712 10717 10718 10720 10721 10722 10723 10725 10733 10734 10739 10740 10747 10752 10755 10757 10758 10759 10760 10764 10767 10769 10770 10771 10774 10783 10784 10787 10790 10795 10800 10801 10804 10809 10812 10813 10816 10822 10824 10825 10828 10829 10833 10843 10845 10862 10863 10866 10869 10870 10871 10892 10893 10895 10896 10900 10902 10904 10907 10910 10913 10919 10921 10922 10925 10926 10931 10935 10943 10944 10948 10956 10960 10961 10969 10971 10976 10978 10979 10981 10989 10996 11007 11015 11016 11017 11022 11025 11026 11027 11038 11039 11042 11045 11047 11049 11054 11056 11058 11064 11066 11068 11069 11070 11072 11073 11077 11095 11097 11099 11104 11120 11123 11135 11137 11147 11168 11182 11187 11200 11211 11217 11222 11227 11237 11239 11243 11244 11247 11253 11260 11265 11272 11276 11284 11290 11293 11294 11299 11300 11310 11314 11319 11332 11337 11352 11354 11357 11368 11372 11379 11381 11382 11392 11398 11402 11412 11418 11430 11433 11446 11450 11461 11462 11463 11467 11485 11495 11498 11504 11510 11513 11516 11518 11524 11533 11539 11548 11556 11559 11573 11579 11580 11582 11598 11600 11617 11629 11649 11651 11654 11672 11679 11683 11689 11692 11698 11700 11703 11704 11705 11713 11714 11720 11725 11732 11737 11752 11754 11758 11762 11764 11768 11781 11793 11813 11815 11825 11834 11835 11837 11838 11841 11850 11852 11855 11871 11876 11881 11891 11905 11908 11912 11916 11931 11933 11940 11946 11947 11948 11955 11956 11959 11961 11987 11988 12007 12014 12016 12025 12038 12043 12067 12068 12090 12105 12112 12113 12121 12124 12147 12149 12176 12239 12245 12251 12255 12263 12275 12292 12299 12308 12310 12318 12325 12332 12341 12359 12365 12369 12371 12375 12377 12392 12395 12402 12405 12410 12433 12434 12441 12446 12447 12454 12468 12484 12493 12494 12505 12515 12519 12549 12578 12587 12589 12610 12637 12641 12646 12654 12656 12658 12667 12692 12694 12702 12714 12731 12732 12741 12744 12753 12769 12786 12821 12822 12828 12836 12838 12862 12882 12898 12899 12904 12932 12949 12954 12957 12983 12984 12991 12997 13005 13007 13025 13031 13042 13047 13085 13094 13128 13176 13177 13178 13180 13196 13197 13208 13210 13240 13262 13281 13295 13297 13305 13307 13318 13328 13410 13428 13432 13450 13453 13475 13477 13480 13523 13527 13572 13579 13623 13625 13632 13639 13645 13647 13662 13663 13666 13674 13689 13693 13694 13707 13713 13722 13782 13787 13810 13832 13836 13855 13871 13876 13887 13894 13903 13931 13932 13936 13948 13949 13956 13960 13967 13969 14002 14006 14007 14008 14016 14022 14087 14091 14094 
	}
	weather={
	}
}
